global ps
ps.linewidth = 3;

ps.tueblue     = [0, 102, 204]/256;
ps.tuecyan     = [0, 162, 222]/256;
ps.tuedarkblue = [16,16, 116]/256;
ps.tuepink     = [214, 0, 123]/256;
ps.tuered      = [214, 0,  74]/256;
ps.tuewarmred  = [247, 49, 49]/256;

ps.tuegreen    = [0, 172, 130]/256;
